Id,SalePrice
2658,145118.84529672112
2718,145212.48915721083
2414,227505.43077012018
1989,102176.17685747995
625,162276.8273046062
333,87294.29620803546
1327,106061.62216327606
858,139536.0451359969
95,177603.27791395425
1568,164828.1133287803
2482,142868.13817551412
1364,118277.38629929893
2584,150487.5044707338
818,273105.7531074134
2673,165223.31160554543
2089,144624.61391069408
1297,151650.6951999836
790,116031.43586307816
2616,196460.65994764955
720,196714.70872668526
222,148468.37349233648
557,125797.91747186391
1148,186705.57531443646
2766,174903.91775249934
534,174182.54085665336
1452,124426.71363406173
630,114165.63799993892
2648,113379.7580356874
125,172895.6436057493
1904,69153.44252481239
1670,106171.33697643472
756,94192.55756675883
717,196736.89165530322
1032,155083.5991705483
852,206326.83439360862
1731,200048.09210788575
2639,114002.8181458351
2071,81804.19994714533
1267,116437.62307900681
1851,184166.55985526
567,173302.12413815493
2439,197078.9821775986
1898,145336.69589748763
647,154482.93262700265
2256,200222.16218260754
979,87641.77183024053
1444,222509.6867485804
2485,116342.38645525525
157,124303.10444473407
88,117577.43727334506
2003,107762.67471647295
186,225532.71438224212
1425,248254.0711823657
2695,118004.39293347765
738,102448.81984550721
395,153430.69394828382
1353,178114.0007424225
1878,139269.7213166421
390,162371.9408763867
1456,229993.304273055
1103,331942.08843262866
1387,132234.7366419707
2070,148223.3592051724
1199,180189.86227480625
2479,166870.40401730785
501,326918.07359091286
2362,92398.94535116377
1718,217404.46973283374
2188,87006.37575505601
1483,153441.40693460644
2557,96710.01529229444
437,364214.80641853577
2224,217914.66792749672
1628,173339.77802261247
397,131274.6275262134
587,192848.78863314175
2182,743184.2976031749
971,142485.02221126787
2611,146658.42359581328
1887,101021.13810991234
2399,368625.6143854544
2148,193211.48070253766
304,125128.53893049859
1997,127190.4803055855
2817,101998.51470243528
1431,197224.5510234307
427,344155.9967704591
263,120889.96939561408
598,180634.10570641293
2895,224386.01587648032
687,152874.67565712566
1822,128330.30385847192
2191,95056.78876361882
179,130975.20815259058
1009,224777.3221702383
2010,130453.10131313677
1991,146159.7071099571
1411,164079.41936791272
1721,232284.7037795314
1144,181389.47597583558
593,214052.64471201206
575,287236.81730398705
1249,173839.39681042344
1604,117439.03370887967
1064,490013.51650166744
1923,160990.18289478222
1988,114936.45402293379
2325,169932.82079114483
114,220955.5825254847
2700,166969.67965878657
217,113368.58794273628
343,174171.97326853347
386,226627.12630199033
2005,118966.94904126506
2908,140793.0697138142
1814,244964.9083547343
2446,571028.7409009975
208,139208.4234320445
1679,97052.96126725205
822,314283.8612197094
6,190813.78819580754
1781,418811.8205109504
2397,319517.73965193087
2340,329252.06557944417
1618,174856.77949172875
2843,115942.67676238414
1061,374224.00814126915
2786,129265.81168353454
1935,130814.05058213258
1341,116376.2464812595
521,274424.11742527736
2136,129404.06520082249
996,198111.02781083543
227,140666.86734194052
135,183291.3225894405
1167,170919.63934469782
294,221495.28261005195
1776,213598.90707500075
540,167099.92226697726
1717,230164.8567683966
2303,125967.71383004596
116,189338.05467768753
127,138435.4905967937
1371,130843.75128927086
1014,145576.7527640414
1507,99390.38707071601
702,127516.03488266798
750,152520.2965404502
261,151703.66550201236
1559,69955.94033037429
577,200594.2825015089
2812,193132.29448096763
2080,157646.10310187459
1368,115453.39811285163
2376,122664.26541256034
659,103487.55629572114
1235,133832.16020267596
332,69382.18375473018
1917,141565.5290746095
2094,240443.5237865667
1460,271493.3976924495
1471,222091.42785349415
1509,124536.90712303271
1922,132963.8954937734
433,504238.1777867632
460,251503.80928366215
1116,257908.35189321596
1137,175313.0027713426
53,149388.30511370278
2354,276398.14957594586
1475,195514.04199203884
1761,568340.094851929
842,141011.18877760158
2739,183867.19516634897
2509,142393.62138863496
1007,203477.97725179288
2610,180931.07076832364
1952,79754.89424832305
2719,154877.89503884612
2921,82408.84996392198
1966,134064.38284344604
292,108168.87788609219
1204,202800.66337759982
1829,258806.55561571615
2419,188137.360068922
391,147998.16907274758
798,118466.99339411332
481,191131.9231269038
193,202088.6037973074
555,121308.63943745644
899,53478.90244596514
2357,178260.7869727822
328,124876.13009332944
1356,134034.4222535254
1154,105588.90756275764
1730,182329.32983384904
2249,153942.94432499766
1119,304595.9127144182
2856,134096.03827230068
1394,124049.78949972526
2587,121653.37814928897
61,305374.29133300344
2661,177644.40857029107
2711,138736.7797955976
1147,181412.23857081696
757,128680.89791778708
2623,86819.20872912265
2378,125220.36791611867
1413,141308.60075108116
1722,224445.36687748847
1112,224699.25399384554
1623,192174.16294351942
1201,180198.1547308313
1513,105730.64486695337
957,493180.05509495176
1171,259496.47875408977
1145,187971.11994719645
2726,251900.0960098598
703,155929.71584025066
760,98792.96906527344
1964,134856.60399970406
2512,159559.93482237603
159,148077.08990853681
1281,163435.0591857485
468,176249.61268627117
290,112853.79838352077
665,96089.68669492894
1463,262719.2387618497
1792,216138.84486963524
923,165120.87310932527
500,280494.02346259076
1408,196086.47337393984
331,90691.59485643526
170,126170.83550499755
2192,98559.0330171992
2571,344497.5695083181
2314,176441.6990257876
2647,89026.05861415193
422,437130.9717323002
2457,380203.0422226726
1838,192963.7449650175
2805,267402.673341006
1645,150593.56345673156
1711,301463.1143203416
2825,235413.97081435318
322,308770.31999542564
2103,275933.61158561683
342,125571.58795094248
600,117033.59101914095
488,178201.73567724912
1725,308610.6823151553
2246,318629.694322775
2847,160672.13519955575
806,239669.50015674072
530,224629.50294227153
963,185166.35279784555
2678,88084.37899135306
171,76169.41894332744
2401,453948.1737355625
805,211918.87716577275
2259,229297.69092430675
1748,178061.41435171678
1361,141308.32197183656
1677,105242.23006250156
1406,153574.28601656485
2322,257851.10467680905
688,147369.15375702266
143,141559.220647335
804,207376.9428100197
1214,167074.2998717801
2828,170459.83017228506
1999,205980.78284997007
2467,206117.9853564713
2665,167601.482453416
1538,385770.51398267306
398,110947.43625888147
2822,147727.53323615587
2157,145010.26410017748
1856,204966.09849260908
1269,92266.48813386526
2570,114395.96552947033
2320,233884.93113457237
1517,138049.3699218075
2304,121616.92995255566
1312,100672.3452410239
2012,141880.74542901144
506,252942.12204372277
2865,218766.2758166442
2367,93787.86991015823
554,80059.4382627915
238,139288.18302836115
1954,109265.49053980128
2488,146552.366780467
2291,68785.44869822758
1969,97856.64540826957
2725,158941.54825133248
1482,150046.12279619864
2763,209203.33767054052
503,244753.887947221
1584,246367.85236147384
1531,152901.5285310541
2210,183601.11554771996
459,327098.1242489078
556,123429.30231977146
1347,133515.97805155645
1290,72239.36819819694
1388,91100.93666696295
1571,335947.14902875514
2754,204587.59693493674
765,151839.5016843595
2494,127938.19114683836
2870,206868.64006529862
7,224957.09608856647
1114,248947.44747210408
2418,291251.94637932593
291,100383.52909785653
18,378704.9710735241
39,380656.15278937214
1001,260351.66434444598
2442,228407.85350951544
616,114864.23393694178
2680,79182.06634127353
1414,127564.27063909594
289,126656.65274690298
40,278338.96868618106
860,133934.45532557103
409,130716.02188975488
673,168575.81300434863
2427,170116.4133108992
2036,210600.79683947982
2564,126344.54004087401
642,171402.13361638354
1008,164693.45553968733
1908,137004.80142264513
2519,187974.24972872905
1369,100313.51004445527
2855,178522.06288210797
712,98754.29552496111
1943,98826.40114652156
1958,130890.65492716656
107,144168.61900121166
2295,223994.51788729607
704,96336.29917753651
676,134103.3561618906
259,182107.94084381973
93,285510.2766689814
106,234169.53192984787
2315,172970.1196226735
1050,103537.32834521407
1095,211583.7783681988
2709,149442.52315780663
758,144598.48482917293
1496,162714.78183139447
2370,115795.31936944573
2458,308977.3665251822
2733,139110.4653464108
161,248360.0695461466
726,149720.64032804576
845,203188.12157147203
947,248762.10987945096
2232,113275.4064632908
2563,153413.2782508282
2299,140023.1328187525
211,71388.0506785187
605,146338.4294329074
1478,191459.2537270125
2247,303994.36464566115
2274,214878.8462330416
2869,217696.81416927718
967,204470.45203581412
2656,109092.89648115975
667,204878.1218839918
1042,105299.55755474567
2023,176540.6266740374
2447,389615.2783374062
2055,132155.2656014978
2275,297499.2236592714
2204,168154.67752116302
1563,285294.29673063266
483,220145.14481922617
796,120832.50255035251
1526,160779.19354366066
2042,145190.7612185991
442,334664.92663314834
1693,326255.43438273476
1468,210729.0201940757
1430,201760.78183204756
2605,156356.01690451027
1529,205285.1586622663
335,145940.34620728827
1287,128084.8872594952
31,86644.5117253481
1785,290403.93184310937
82,152404.72094572757
2620,117221.9052889582
252,175306.0016429248
721,62038.80624804448
2165,182447.21309031846
2316,194410.91427380705
775,130631.52215372615
1558,85836.0990574941
17,221747.2542123301
1022,229729.2735822377
925,125723.71069157652
438,286515.4049813625
1270,134568.74070825224
1272,120145.2473547399
215,142857.26722495683
266,226002.77269617544
2402,286728.57569764357
1250,135878.54709873628
1984,116324.078727633
1279,145722.57539714014
377,257540.9815175911
1252,122856.35618419683
2156,277890.08723121946
499,336396.3998891826
1374,115205.2487042855
2898,265870.3744028531
401,116172.26707705024
2721,161446.41092568936
2078,237555.10265371524
2589,128934.1825634221
1946,223434.49357334728
1334,130330.54462304975
2781,217049.83135927765
431,379108.13584731903
576,184760.92486974827
1474,209491.8329673609
2254,161148.10046894598
2155,296125.59538717626
885,102426.21928663581
643,138769.91044842842
1944,119788.18018690689
480,188478.63047429937
2845,87972.59051776447
2387,335275.5143321981
2407,221288.3810856815
2527,161951.46011234587
2514,140051.9276567746
629,138416.8164863163
80,204778.90831731123
1876,136539.95131753644
1546,121315.04805645389
2518,163845.18058325065
2347,145383.0234039647
783,216876.24490296023
1322,31030.865190555196
194,88717.29103548959
1770,291878.6870887815
2143,120770.54361408026
1229,210917.92801864928
511,300995.8974284311
46,242089.47470468335
1348,142011.05110024914
2465,204358.99802737648
387,233873.13349672637
873,223057.6495371572
1918,127355.77331685182
2764,239021.6089323578
2184,138360.94789544266
934,135845.38543828446
1920,126973.85435489149
2631,150396.87193519098
1768,608152.8299158447
2040,112068.77898802706
1749,212496.7202020871
834,235783.90234676225
1457,234503.1250205549
79,109990.31552670628
2302,131902.34965227067
1817,144957.26740160136
2755,242717.37865817797
359,169270.10943652003
2059,108364.81299899559
2092,239076.87186440415
2516,219095.08346109273
150,119925.57117253706
1656,101082.65748729686
83,92155.82488981282
2411,184377.14826729402
795,74001.45200175591
2312,237264.38035608595
2917,99351.34584828651
1624,174484.8019272723
2215,334082.0826270677
1211,153474.52957227328
1485,155027.31298126397
1024,193705.2400128562
570,202332.10691785987
2874,146081.91105503295
700,114096.68813587043
2756,214401.73383154222
2022,177977.68933319132
583,244412.01993609115
2392,366449.82118806377
2424,168671.5679207023
212,115829.43578116476
736,128191.53968049905
1610,161397.71836142856
890,104812.07388976388
467,167757.86736363903
578,249462.66398674573
1747,202108.48999865932
1149,146781.87887920797
2758,262920.0790675749
857,134274.48636021075
2219,278112.9540605041
733,108674.47748128968
2909,112800.92146546692
1798,261082.97855958669
235,119989.71674439573
2366,112001.21129287679
1027,128212.32621522411
1195,135357.299927129
1303,52787.89742944148
148,182716.82547083014
608,157761.12603854897
2515,196884.26595385338
821,258965.6238854549
2500,254319.29466947005
745,108332.7784087758
741,127756.46553415126
1611,128693.5661540633
2532,135952.60139313148
1081,215425.4242148009
1692,444810.1787643044
2520,162977.74800012377
276,114808.19360636576
1992,134321.01106320097
663,55330.947886532944
418,116930.56537956942
1733,190829.64399504324
2359,148159.59716575136
253,179819.02259661793
1518,176713.26785331374
2035,137974.62894330948
2919,66057.34347175411
1540,249428.37668318994
2120,150089.4721277823
1674,155849.00501651797
256,148650.25347232804
2361,92207.05140148549
978,80452.293865983
2280,128462.24304094294
2095,223543.30753482698
1709,343402.6148782562
2801,252744.5554124862
1246,115600.06982127822
2373,87805.00385342404
1055,311234.67151270935
2017,121249.20110054628
1099,291066.8545476706
1344,88213.08043080647
835,206157.47755946295
1117,232694.18337297544
2043,95746.94270875906
2085,123434.179306788
410,135030.81946532853
2650,113555.81543863114
2867,191587.78364872013
1668,118152.45233854167
1161,156101.25316681902
2122,170052.89935978345
2539,168657.47657516433
1047,127947.0349539583
1445,131129.3156684637
541,131588.8084991257
569,222753.9696787763
1276,118659.37181764242
918,156854.1034817089
326,160287.4434319958
1936,125612.82138972144
895,101186.56911175273
257,155608.458665648
1241,187212.15159424802
1545,119960.29033054657
1189,168671.18891354048
270,144470.55192594763
2066,175648.55678941295
693,112023.05098147153
1259,149020.7609165386
2916,160481.01897247712
2321,296617.86044356925
1977,113916.66915244045
1895,149959.56682472423
1240,162554.96717029635
85,144616.79346861097
1823,119782.41569910583
825,303517.4040101037
110,220955.92064812913
697,121805.8001132034
2297,124389.50413994442
1231,129215.05779695716
1355,133570.33467771212
968,337500.17852685275
584,242041.94042229906
1315,123233.01584528296
1606,150154.00025696214
206,118691.50560446618
1685,366859.47767616034
2016,133229.37851019664
869,201337.20604012057
2135,126106.67480890095
2346,196443.91431237452
2430,235141.14373649962
2198,94782.98446383921
2652,130895.60028912922
27,112176.68832071716
241,160159.99179834878
906,127742.75642299511
1506,113807.42798999778
2098,388637.0011858323
1435,230521.9879506913
2213,129445.84333874131
1274,138033.32615832792
743,39899.67174280371
1737,197723.0596970315
2797,285358.7507135158
2185,76424.48748581647
58,172711.07615576938
830,203660.8635123773
808,120067.81728126534
680,126691.94923817317
1153,123012.12637746966
1291,124346.37166665902
1818,158792.23921521532
2161,188602.7974058384
1883,110368.98884256692
350,371540.57825057185
2473,163164.85480525566
295,177917.6667142742
293,190957.71699503428
859,132170.8174957866
288,55295.67037741898
1578,139249.65533763944
102,205601.7937111038
2831,142914.8840849531
1030,155904.77476962167
2551,145385.0319439054
1286,146902.0553030768
958,312700.3846395982
776,135517.51356857835
72,224021.90841996382
2263,262608.8499610155
1866,177354.9169563472
2876,74364.4526829196
2146,253885.60857258225
103,167642.78897402697
1500,153091.2976136924
492,197936.91874515824
167,138392.06008828376
2597,120062.11330054392
2685,110516.4141412146
1035,157141.39649938233
1220,76331.82259115645
2602,159491.22336524783
2159,197251.9305592553
695,147337.9106133068
1109,260169.0087874278
640,198085.2240311876
1652,155069.8754521286
2090,170363.7815324729
1188,171963.08521085972
2345,259774.69940382027
1059,416202.56300886837
2751,235247.3940868494
128,197759.94292956553
1523,171519.49707943
2925,175140.8539629704
2145,308937.03418056405
1121,220558.14835493252
566,254897.3648515162
565,236356.54842143523
1331,133642.49238590588
2928,128108.98518149051
156,135050.33258418163
797,130916.26206638107
327,84010.05780995141
2859,161504.7102435468
1453,129702.11141037516
1762,352100.8103569322
1868,202060.7155098605
1760,172632.71754768514
1113,241232.2741249036
1812,188958.39688586493
117,157037.81152195943
1142,219769.13057268868
2342,400819.3496467087
927,155884.37213730774
2478,180889.96383940434
655,76431.63503717314
2064,122621.76596428448
369,287680.49719494936
2239,106780.72642977335
2732,209222.6019500045
1653,159109.6775692412
959,226706.80612834782
2395,352463.1708272982
1412,127115.54717033186
271,262115.65076390124
1484,153135.98531387871
1497,148218.51688032981
552,164104.36372510856
2,122289.28143075388
1855,295191.8227599706
4,246218.16265206132
2292,158169.98445781707
134,148504.69699456784
646,100571.05379591216
42,313570.6942233752
532,225035.98442375087
713,90522.50146648644
2561,142367.06860116482
2360,135656.79397662898
1333,134286.90515271062
1407,216809.88756314883
2892,321114.1944614899
574,219598.06375645104
1227,195164.92299292877
2591,221023.94345924057
1476,216203.29577350104
1125,274176.9676387481
1446,139376.81039603663
408,103118.38390279998
1101,294353.1010279519
2251,181584.29252130628
373,190548.63991382215
2554,123014.8087729598
2382,281927.60579990153
1985,90291.6880342692
519,249792.44724908588
1093,191963.9765059647
864,259256.25742525706
2889,157261.49719035544
2308,200845.81091132178
986,156087.755195225
1302,150018.12102896543
585,158173.92080099578
2708,151379.5220997906
147,135556.0088311001
1441,226462.37568323335
383,181156.64545750362
285,158332.80963097513
181,108952.43099923478
358,177959.45311287403
780,171024.99226424683
258,195917.40044979547
1865,227950.27688640676
692,132361.39852652093
2902,344292.053243257
508,276062.40226850513
2638,144840.1314395478
36,125223.60514971153
611,179880.12398080033
2281,161262.67178911128
1678,99168.45631900436
1696,468170.6042012952
1557,88076.3617013448
2180,152213.1768761313
1726,234121.0033649191
951,153847.79753821983
267,213644.81313604186
2706,129801.5663656872
2221,252589.7427946244
1357,171614.62677578593
2901,332009.4890168549
347,185835.09135168823
2164,191600.05756050523
1586,315027.36641962745
360,149395.08473535258
1769,238711.13797215954
2617,181547.60837199775
1879,125856.2190570889
991,234474.21675460547
1535,123219.33575362555
1191,139477.7676008562
1579,230961.02465539426
1882,152246.33051099922
1510,123578.06680365201
2196,139002.66557108762
1845,184795.4234343218
2336,415885.0468580115
942,91810.47853229745
861,135586.55302432165
2555,113689.67482733406
1392,175809.17508407444
2099,273859.544801814
1543,114910.30217812324
948,277675.0197366571
1239,166552.96763358827
22,186127.80792079712
2796,248516.440648695
2747,176333.55945257508
92,302875.6241453154
210,165606.91970028332
1858,199735.85172705626
2228,160679.09006256348
447,247892.52027285966
827,249962.47746167204
1649,218335.7092398898
682,123407.62847788358
2698,111498.2919948427
494,171810.23496435303
214,68414.82486029045
2441,222115.3162112074
2679,109583.51857887785
1336,123724.04007785539
465,176472.07368176355
1524,152385.7804467383
2543,112102.91725423861
631,133604.9224618841
2452,311659.3949488865
228,154278.98597467155
126,163199.10567527817
1092,250114.40616557686
1122,204902.3255322018
932,282986.5541603971
1980,53546.09997382057
2171,116043.84269047267
551,153479.0905550835
2768,168470.3810638428
2056,106175.51180087175
1159,367904.84116793063
2645,115138.26129741537
1174,168592.07983974455
2266,213089.24587030557
2462,403945.75651146553
1219,136800.69195973268
2922,199201.33864939996
118,136312.6648093099
474,147946.24077238978
2576,151702.51047637398
872,293000.8262344966
1077,219526.36965773537
1536,155762.41812999942
1150,128567.5231111458
2341,350081.54359791544
1931,146302.95668933008
2785,131278.74843708586
2538,123549.6361387558
597,209534.98604991232
464,199350.4240132807
233,254327.79092976497
2169,140757.7234583357
2123,166409.70500210795
1867,172614.49605105256
137,268582.84042589297
515,250463.26420294007
933,105717.57349198422
2784,175093.3693408313
972,169009.96481901983
599,158495.86846339036
2614,121059.71067181902
2582,149265.710893935
1409,165527.52973102313
175,76958.00926865166
352,244745.83592799839
976,98117.01989469434
2134,190502.38703621802
984,114574.52119286891
2396,340850.9526952299
1673,148122.58261043212
404,113102.7606139352
607,150646.13774094853
814,154994.51691754776
868,185405.50400464478
2271,180162.38466559112
1633,239020.94314222896
337,158514.45134895592
2765,176614.78924880148
1746,249286.04086404317
368,351725.973500111
2806,203353.65414497352
1662,202006.14938878297
1234,202906.5745256255
1373,138460.9690010179
1672,116222.38464227655
1939,121104.49289124741
