Id,SalePrice
2658,143057.0847378728
2718,150491.78703371476
2414,222587.84377118133
1989,99217.01213776137
625,157091.07128673827
333,99334.47716936162
1327,115597.15204134087
858,148880.55710474582
95,179632.08898454424
1568,165111.4713584498
2482,144098.2728484503
1364,114228.24596236771
2584,149968.8900484599
818,276162.3685729737
2673,166007.72090016305
2089,139017.9291782445
1297,144049.99648756976
790,116923.86565440336
2616,199346.4453659485
720,194185.56746247222
222,156845.7645901949
557,121189.14089572328
1148,190957.3809831659
2766,170975.6052054946
534,173853.25581454133
1452,127880.46169735426
630,117197.91760917686
2648,108938.52452847936
125,165553.6981615127
1904,89346.00540314226
1670,109066.77151337042
756,93427.20745674186
717,194824.1465058056
1032,159132.11983657532
852,205138.06874225652
1731,195209.765783964
2639,125861.00189197029
2071,87651.9165027669
1267,111401.9671343509
1851,182898.16041478788
567,171720.31817105922
2439,197692.75074464577
1898,144336.90738481958
647,152716.3964078996
2256,197239.3311370318
979,102546.3368399132
1444,220409.65282582957
2485,116617.5239723697
157,127110.09993744988
88,118586.71510220118
2003,108547.26122861318
186,219661.24522343994
1425,252597.81146632225
2695,119755.3142447635
738,88317.77210921576
395,153892.69248728637
1353,170593.26575189646
1878,133386.8048366346
390,158943.52241189615
1456,229853.3457107817
1103,332694.2106447709
1387,125087.14284253953
2070,147547.662807216
1199,178897.07028713898
2479,164961.42812364997
501,326396.6067255569
2362,105721.35386724588
1718,209757.1193370906
2188,107950.87392231368
1483,151682.93386198103
2557,91708.34905674201
437,366127.9584700859
2224,211136.5236110402
1628,166293.87815550747
397,133601.40158840758
587,189663.58457532476
2182,772111.5794058264
971,129797.2127700208
2611,141335.39385085256
1887,97707.12475847156
2399,365713.89071732404
2148,193501.27354224562
304,111443.92731375594
1997,129003.59302105792
2817,96570.08290507553
1431,192160.0041815575
427,347500.26572702103
263,120754.52841601285
598,170290.1885369815
2895,218459.12803797354
687,149696.2223797321
1822,133601.3741613567
2191,105135.03083321569
179,126893.60889015642
1009,218993.16438450883
2010,133572.3114655034
1991,142282.25239861564
1411,170747.80264886987
1721,228835.97300749263
1144,179855.71254276508
593,213905.19995566667
575,287255.51641050423
1249,164143.36913889268
1604,120327.42998065628
1064,497546.6754025122
1923,161438.06951191073
1988,122267.31267454597
2325,167797.78612301796
114,217789.53499780642
2700,168595.9479399242
217,129454.1323751572
343,166791.34668824228
386,229303.40896610107
2005,116568.65963530328
2908,150320.05513851435
1814,241953.29328867074
2446,587015.306431638
208,131707.1723256
1679,113645.43028128907
822,320283.306859975
6,192318.3685302239
1781,432479.69481663324
2397,311483.1419438526
2340,329002.66617399885
1618,174550.36685103292
2843,118249.51843706323
1061,380220.8148846946
2786,134082.57320131536
1935,135495.16682121076
1341,116317.84135034772
521,284558.0140516563
2136,129875.39550372225
996,197320.0732189294
227,141706.10154959993
135,181549.77429472993
1167,166943.2912069885
294,219003.02183234697
1776,212965.17959533416
540,163604.85125904143
1717,220745.71580701243
2303,132167.39797773387
116,188932.21655190422
127,140795.86710573657
1371,126417.62440350314
1014,150784.42041985682
1507,95657.6940111765
702,121820.43112945964
750,145155.60055391883
261,150598.2309741186
1559,81743.60222232522
577,203048.82908744225
2812,192346.69811387127
2080,157343.4314798163
1368,111970.8126482916
2376,123223.59625947756
659,105252.4670140496
1235,135722.776044818
332,84180.6922057626
1917,139182.27890944353
2094,242052.20953528956
1460,275163.7750432637
1471,220079.24840226467
1509,126742.28786035947
1922,137755.3859528846
433,514089.70908130845
460,249404.03504179622
1116,258848.44296315388
1137,172054.53548956942
53,149123.42989534777
2354,278143.06566384406
1475,195204.0046264266
1761,602126.8296719089
842,141169.94586546667
2739,193146.95213648284
2509,137405.63869889168
1007,200653.02003331837
2610,183040.3075780851
1952,77122.98179456135
2719,157321.9849450807
2921,93117.478351017
1966,136808.4700314339
292,107054.52840643104
1204,194367.36195954058
1829,262993.74626011273
2419,184112.63670276312
391,143343.29403294518
798,110735.99888165075
481,188853.39778666839
193,200656.55621087443
555,120965.47638016491
899,48486.04671313305
2357,174844.5830359845
328,125807.93908454216
1356,127082.85333831719
1154,106067.088974896
1730,181685.7582408471
2249,151225.0714879668
1119,304512.7804786443
2856,136249.28723592655
1394,132006.31485664152
2587,121108.0188729306
61,313841.00362905266
2661,173708.15358412333
2711,137121.5402596016
1147,178945.07238398955
757,121308.06535335149
2623,84629.5266559409
2378,122405.3863788299
1413,138405.94965377613
1722,221980.11347557226
1112,226371.97937217075
1623,192622.2697925166
1201,177164.9601849445
1513,115404.1857790649
957,527628.8787488256
1171,261430.27968220043
1145,185296.67596664844
2726,253719.87706142315
703,151884.671139042
760,113110.64975929285
1964,139808.93692454594
2512,158171.51169557974
159,141094.0901295877
1281,153508.28615039663
468,176626.49984875188
290,107246.04303492044
665,90875.97565989904
1463,269413.0577773284
1792,217600.26966800168
923,167375.11058934245
500,276297.17172751634
1408,204222.87016597035
331,106717.84191342538
170,128973.2942253775
2192,104025.54116654734
2571,344677.09595820436
2314,174881.067212302
2647,89972.38083386961
422,439494.7137315513
2457,386905.2676575019
1838,194879.03850365384
2805,269323.17406572285
1645,151063.8458222577
1711,300472.9110702417
2825,240370.6970502875
322,318539.854522554
2103,277328.37030573224
342,118457.0417368694
600,126005.57348039196
488,180225.45853054512
1725,310304.0781800612
2246,316201.93944821996
2847,157479.46676267436
806,240827.52923095776
530,227242.5182376222
963,185974.57522142056
2678,103585.58053732214
171,93036.66289607761
2401,453872.394336349
805,211590.89484568388
2259,207339.32900211858
1748,172914.38776582998
1361,139358.52605653173
1677,114327.62896992225
1406,146045.10487218125
2322,255881.51752904424
688,137119.3160770865
143,145829.1383133176
804,202834.79315765772
1214,158193.44180867058
2828,163794.88504523868
1999,201028.5261079348
2467,202891.48430076707
2665,160169.84987805068
1538,385657.5170691109
398,115194.68556429642
2822,147962.9509280877
2157,142317.37433177722
1856,207549.64770155385
1269,77186.3604561103
2570,108826.56772879853
2320,236552.32603377526
1517,135443.76710966794
2304,128100.54484930958
1312,94976.50395268595
2012,136952.34045321168
506,252525.25015125683
2865,225441.8787445823
2367,98888.032536339
554,67221.94282877282
238,138085.72043813055
1954,113629.72952943892
2488,136662.66429414952
2291,72783.79835465658
1969,93216.44816500865
2725,166583.9182611774
1482,148522.06469423365
2763,202726.87547015326
503,242601.94378685486
1584,242936.946913711
1531,143630.04400447896
2210,172774.17191146966
459,328681.6509461584
556,122418.8458662813
1347,130629.1150154286
1290,67245.7196061334
1388,93391.10464763344
1571,357124.8890450626
2754,202437.9799491593
765,150839.30608259482
2494,131957.80265760393
2870,211764.64197392133
7,222496.32454001374
1114,248711.35206179364
2418,293516.4210575252
291,119422.36360642589
18,375818.9378060068
39,377301.80465230497
1001,252618.3335184955
2442,229072.27028354545
616,109137.98270278014
2680,85917.49596261696
1414,126190.53922795143
289,129319.01109454024
40,273439.706034768
860,130013.12911628053
409,129943.48928643767
673,165550.52964241576
2427,167923.08314423956
2036,214666.34091115108
2564,125871.62551776247
642,166383.8459798944
1008,162657.94923606282
1908,127794.51114806923
2519,181487.06310572036
1369,93661.26088176298
2855,174539.2090896757
712,96315.66658211134
1943,112012.46550446219
1958,124324.27152067414
107,137745.9834384885
2295,214642.2428877612
704,97383.2368441996
676,138767.52913742466
259,179590.3059228024
93,287611.3049536223
106,235676.87559827894
2315,174287.11913686557
1050,103862.57203625905
1095,208651.5312275595
2709,145707.04007589415
758,132640.5496840884
1496,163686.22155898114
2370,128258.90265028976
2458,305671.65410837677
2733,143882.2645660862
161,243060.83593914707
726,140474.50441912867
845,200989.90917591105
947,252216.00367009256
2232,118561.92476600753
2563,153148.35249743442
2299,144117.20580733567
211,60640.91098546889
605,141670.46452837926
1478,189149.12196554398
2247,303809.1425688751
2274,208544.16343170876
2869,215823.69310023732
967,204453.77121993565
2656,136150.35057534892
667,195946.3818528024
1042,110644.23629724246
2023,169230.21676721668
2447,396368.88769066636
2055,126553.9758726283
2275,298351.21010366647
2204,166638.18854308836
1563,287662.71893018315
483,212102.3540109836
796,124397.89873429775
1526,160924.21745238735
2042,134917.0137821016
442,337141.0900620495
1693,325885.67078926717
1468,210080.53844145226
1430,201257.14785944053
2605,142591.02548374975
1529,202068.52976137557
335,150422.57984450908
1287,130425.01349507362
31,95085.40852148723
1785,289867.9310769448
82,149974.0733913827
2620,128220.53176607576
252,173484.80654171426
721,66389.66503766133
2165,183460.0315046411
2316,191772.23473077503
775,128300.61869379375
1558,74423.44438064481
17,220969.63586056285
1022,228587.52899160967
925,129175.4979514649
438,286074.69898992975
1270,129337.52566690769
1272,121130.17322995755
215,139457.67534893885
266,225751.46530314873
2402,283001.2899967377
1250,130768.25284108012
1984,110210.4550036914
1279,145378.51250734137
377,259260.14635561948
1252,108444.63499928021
2156,276115.55691212864
499,334083.0125954058
1374,118071.29569073813
2898,269399.51198398665
401,120956.74246671022
2721,154552.24300648825
2078,240570.08885211882
2589,132129.1328460351
1946,208479.5257362737
1334,126065.36954790103
2781,217050.84726555677
431,388972.34983434336
576,182551.13414251234
1474,205917.40539408964
2254,156862.24995643957
2155,300128.46544211335
885,98145.9424604954
643,135771.3742800974
1944,118462.12697871956
480,187805.5260215376
2845,99873.1668712549
2387,333264.4450359566
2407,217995.9093179088
2527,151845.85059701855
2514,137967.37773698894
629,126033.80491602613
80,205800.4313885433
1876,137065.1156348651
1546,119689.2143615119
2518,164470.7560032744
2347,142457.2987415064
783,226916.7879087584
1322,40402.18388916706
194,96728.19263328661
1770,290341.61599116126
2143,118243.78123886218
1229,206107.3243820241
511,303296.1852165406
46,237157.29944856575
1348,128200.15352943285
2465,200937.13892033513
387,235600.727728783
873,218910.46266182384
1918,128094.34008959625
2764,238647.31911701753
2184,140393.73125091862
934,135595.4180360732
1920,129670.26291894376
2631,139934.86902850392
1768,633927.9799764993
2040,118259.5230347926
1749,213708.22149486118
834,235751.6807608155
1457,235891.83260193263
79,108361.27821954859
2302,136971.77596152123
1817,147064.43436249654
2755,239733.0030235568
359,167821.75137029326
2059,108416.27957409175
2092,235417.98181413818
2516,221641.81986447307
150,122380.77373029744
1656,91714.15493441628
83,86308.24107834358
2411,185277.29618165802
795,72124.67020231215
2312,237093.88494560466
2917,102855.2141885304
1624,170874.68608599805
2215,331952.4523103669
1211,152835.0191607538
1485,153439.291414328
1024,183813.24422663843
570,202657.6925079292
2874,138923.30032993725
700,112611.12195513003
2756,212941.505227215
2022,180435.43229692022
583,240743.37128570094
2392,368616.6775655269
2424,172063.2999789974
212,116370.80121150844
736,133698.35831459827
1610,161902.30571481338
890,105168.7973194769
467,168478.48146835648
578,243603.3812576027
1747,194351.8991335017
1149,147487.38760916388
2758,265381.99565913575
857,138732.65878731624
2219,276085.9839619045
733,103514.6174241709
2909,116471.29918584797
1798,267938.0941055225
235,132011.73892935071
2366,127956.62105248182
1027,129837.25710321734
1195,135907.28467195117
1303,77172.64633157763
148,173450.3144493751
608,157741.43319773756
2515,194059.0052045816
821,262117.59892778017
2500,257437.2859758747
745,107859.89120930122
741,125969.75199179826
1611,117712.0258072213
2532,133920.42417993923
1081,215523.00621417002
1692,451780.9085761368
2520,155006.1644363514
276,111157.44287755038
1992,135718.2715118431
663,87803.16775571054
418,112601.08495458751
1733,191475.44970760238
2359,143786.42883245228
253,178101.82406170026
1518,183061.50540729632
2035,131910.01622222413
2919,78485.18178785944
1540,254546.86210578866
2120,146641.811767242
1674,160110.41557706767
256,145933.07909769367
2361,102125.22329795473
978,87261.46515663632
2280,126827.62315523476
2095,218528.62181219607
1709,342488.6790112512
2801,255113.87090094545
1246,116147.39476667519
2373,95353.67090636058
1055,305134.259118798
2017,118828.25897340899
1099,283760.03700945526
1344,89563.48989231943
835,209104.09308278927
1117,229071.57591400688
2043,99332.59711065724
2085,128974.66617375369
410,136253.8997933953
2650,107774.17972038647
2867,188997.02742318503
1668,120248.90846065848
1161,155184.5761366639
2122,167518.01910227153
2539,167169.0108942838
1047,128820.6534690767
1445,134435.99120031993
541,140822.5083547784
569,227969.1829018761
1276,111147.42849910233
918,152472.347644646
326,163075.94279859107
1936,131425.52556692134
895,106820.02849705389
257,152392.0570088057
1241,184586.66838352947
1545,116708.730896759
1189,167262.63534978175
270,141615.6104058374
2066,158642.16112128523
693,103192.5357992109
1259,132180.34193328331
2916,159914.40667283832
2321,296715.06739431596
1977,112217.09277606753
1895,145184.22145366797
1240,161579.25834885542
85,151712.03242378213
1823,123552.22739268077
825,303672.3376832079
110,221179.63134468056
697,117113.38533878609
2297,131269.26021591388
1231,128725.91138250477
1355,134608.56122893744
968,340604.88654584275
584,239021.58673066614
1315,128279.2079538978
1606,148016.35781090305
206,114622.39003795513
1685,364918.40721494425
2016,138858.4278311618
869,201041.87396138813
2135,125606.78040854904
2346,190501.07883566417
2430,234690.42618593926
2198,94413.94242870298
2652,130106.72339089442
27,115785.23141899967
241,160201.0487324158
906,123707.09480021455
1506,116481.06924434086
2098,395390.727982537
1435,226533.28978556127
2213,117590.40690398635
1274,132640.07516876445
743,63569.91105624338
1737,194586.46328531246
2797,286427.48113661
2185,75022.53334218991
58,166805.72339268218
830,200357.94251935265
808,112189.49083176651
680,125112.48869184178
1153,123309.84506711268
1291,119882.31672348645
1818,143384.46009538957
2161,184614.2623348211
1883,109397.25672536729
350,376303.10686887894
2473,163594.41610908016
295,174564.75265809457
293,193157.64573526266
859,135598.18267534772
288,67228.08230193454
1578,139978.0149354598
102,197071.6905529145
2831,138609.94670211713
1030,156207.81214324172
2551,150979.3867791376
1286,139618.94989681127
958,320068.4429528753
776,135470.6297143737
72,225096.05147571166
2263,262029.550435155
1866,169474.05659486496
2876,78943.16602879198
2146,258581.586181754
103,161730.68882483008
1500,148366.68862795737
492,196799.04062110613
167,139570.24198349856
2597,121865.54024161512
2685,111235.17685871467
1035,157767.42430428122
1220,88018.22565055983
2602,155775.68631381736
2159,198929.73020440785
695,139250.48004481377
1109,257260.67813209372
640,186857.57121413638
1652,149451.79230346964
2090,180850.24187283075
1188,175308.4327416746
2345,259596.59187858357
1059,424386.06742404285
2751,235120.21161762142
128,205626.55726923308
1523,168780.91205991473
2925,179561.7027025096
2145,312943.83023931884
1121,218843.9413034697
566,256743.97077677218
565,237543.38924214608
1331,137211.9558838259
2928,133927.40512177884
156,135262.33226263933
797,137844.03503483842
327,94490.12481594234
2859,160331.47894574248
1453,132110.62975366417
1762,356169.64867597015
1868,202049.76536773075
1760,173921.69489348607
1113,245559.35737906653
1812,187856.6729781053
117,155423.90631826632
1142,216703.3804142277
2342,400524.2433102627
927,160452.52863605635
2478,180632.11951100957
655,91225.31369849027
2064,126888.04630607346
369,283955.1839726071
2239,100168.80964966229
2732,206250.66362535302
1653,157576.96937080554
959,222028.93894142975
2395,351504.0267948288
1412,129702.29352622601
271,261064.59745725727
1484,151517.5051894428
1497,157630.74472799385
552,158668.04497693537
2,118428.79440772269
1855,289283.2677525069
4,249698.3822547247
2292,152618.52853717777
134,151158.9440666735
646,102994.29350876965
42,310017.885540682
532,224387.1858379128
713,94744.34750003414
2561,141105.90757419358
2360,139473.6824467411
1333,135968.26519962103
1407,222790.8335295422
2892,319399.0733100106
574,212751.762411576
1227,191881.59085510377
2591,209723.64084581652
1476,212178.20770742517
1125,271911.99694633216
1446,142271.3512953463
408,121272.5218393071
1101,296094.0567419876
2251,184280.73423376077
373,185354.0302958873
2554,128214.19541996391
2382,279811.6769594104
1985,92389.7390175426
519,245810.39909101464
1093,191127.2353936562
864,261813.3549905868
2889,150739.9215490171
2308,193811.39094477758
986,158993.35603140102
1302,145252.02058588405
585,157361.52083722944
2708,153187.06637218923
147,135786.4298576825
1441,224803.7881486149
383,184716.0997981775
285,166970.38667540968
181,108025.69132991812
358,180644.85950725095
780,165760.0814288249
258,194436.79579061724
1865,217925.30345617887
692,129221.90750978152
2902,345590.7796599425
508,278268.9368197046
2638,146983.76995294873
36,121965.67613197264
611,174740.86809419276
2281,157454.70770796784
1678,109170.46302906144
1696,474618.4557156805
1557,91773.92711122143
2180,154300.80394936114
1726,229085.67668676935
951,152033.09091080853
267,215515.82759176265
2706,136134.77563447756
2221,253423.01066585997
1357,170364.7863178665
2901,331932.9754371952
347,179352.66661415657
2164,187686.64281919994
1586,319444.15633747587
360,148792.26952601696
1769,238511.7157801033
2617,165413.21005673078
1879,128834.4047644625
991,236299.6785978554
1535,123398.77571380168
1191,144380.78686132192
1579,225829.27335105656
1882,152670.2595727915
1510,127918.24788675328
2196,151299.95031653874
1845,183294.5864587787
2336,418924.2347786926
942,87486.05994539581
861,138838.43287928955
2555,123264.79486524455
1392,174846.11173349904
2099,275310.94783551025
1543,109672.6797969146
948,279873.8222671625
1239,170190.72679965975
22,180399.21919991466
2796,247040.14265868044
2747,175752.07452755325
92,303035.9918910966
210,169517.30820064133
1858,198294.32539219526
2228,157319.96881149776
447,240173.89410427847
827,249865.61127719213
1649,204886.48632210694
682,120670.3585185858
2698,105638.94931354941
494,167863.10631952414
214,71757.11417282821
2441,224557.84519881272
2679,100532.43299999417
1336,122902.36000279128
465,174924.8693270413
1524,148649.65344938333
2543,107653.49215586021
631,135791.97674360764
2452,313813.85450924
228,146494.05924101046
126,171278.01730400426
1092,246248.3281616271
1122,202677.79930701424
932,273166.9012464812
1980,55567.483310175594
2171,120496.68389074
551,152397.135953459
2768,167555.15541306985
2056,106067.60627999764
1159,376030.96059786517
2645,112259.05194871066
1174,161174.16640380333
2266,211997.34699628942
2462,416636.5184957069
1219,143248.73306784622
2922,198282.0601820607
118,134208.3739499122
474,149387.78475006614
2576,148241.03302938494
872,293155.1450682151
1077,216410.8579098874
1536,150977.64834571004
1150,127564.3154161079
2341,346280.95881770656
1931,152179.32187848486
2785,134875.86574142182
2538,126363.57214519044
597,205923.24241535028
464,190400.1869676952
233,249993.30350624718
2169,137680.597455007
2123,164316.382863593
1867,165830.25092597384
137,259581.82553395705
515,248838.1403461767
933,100992.80377510577
2784,169315.93603359495
972,167704.55592521554
599,158284.1688858017
2614,113519.34707451907
2582,147375.60666607076
1409,166703.22648195407
175,88601.77957386077
352,239437.38832010736
976,107160.3388350743
2134,188282.04807137878
984,120953.92765933479
2396,344165.7797868987
1673,140675.40819285408
404,125234.73352956027
607,149157.53407906508
814,147457.5649907743
868,184208.24071879894
2271,180498.49746507368
1633,234035.01400195312
337,156369.898504688
2765,173922.69061699105
1746,248521.42503504234
368,351885.39793009486
2806,201478.57364135428
1662,202427.7616077894
1234,201109.44885911676
1373,140748.92484486714
1672,120027.56412985193
1939,120292.55067719507
